Some((
    red: 0.98039216,
    green: 0.7019608,
    blue: 0.52941173,
))